218
140
34
102
166
140
212
10
235
106
122
235
33
219
215
12
100
189
108
74
82
123
19
96
221
235
45
226
49
124
229
119
102
113
13
50
244
238
38
251
201
103
1
178
232
107
224
213
107
30
116
136
76
135
248
225
202
85
133
85
59
244
114
156
87
12
208
34
3
158
136
33
255
105
209
141
186
41
134
167
80
218
50
46
188
232
21
171
246
251
24
229
188
37
23
34
140
241
93
7
6
211
238
57
55
53
245
49
7
156
231
146
43
248
91
97
17
192
209
235
14
135
180
33
123
23
83
218
154
129
201
239
195
214
85
250
154
251
223
148
179
60
40
132
6
50
206
29
142
47
